106644057071434761970222562613425487729073318211712762626368428657971169162611777987896306599884739534172384372621138674257203107180573666016817810320140493586810766231588873184003988172794364297730757632255374534814254053811065563158532678346057519931547972776127245283765783699955649187687544004332
207863572256751227557835316927564953259198449862086955606369260576042570924686011779415138995889901468494271072503808247714136550908141820608103404416404362801626437596170498282888290290705899850319164360967164149294150743762350090880074675281242611603753861916163275458573231907190902567011304288489
233578166206466071234754564262672132071960986499071740412976237809035615681062337784486314199643330064303947707014105759990399726572656523757664456302789013192360171698128886205941818625165124002711698425507574921391057027340391826833267182442250815366747701438497435302339906981759524395145561350404
85510857504036784675434534397576537394615032956560090003123318113446026444471616633521144589263253243770161018046549778104530917330075378259175151075668766136707491310196717768194157473775601755179570766948935960445246235832391396642108441550424376802008847380598523248471422596374932423143517337562
39721515771158278615809570766599714268222555096034963140991135433294315009574652340082230893607411383422041069595580244235729999436917780875574348710317126544753529923205952105953523038924791221815911542214025066702852532902159949520354786011465685000332538366764535562617443281655625347771269614232
282358376955234784408392408142145601758100078725368540105456220467331321659538918939600213353843312224696176133684418022552159304972721644770903694114744467350511456686649098766111280676142796431762307619855830835841433373801904705275976031692662278556005235173845648796570396418318505970073619302807
34408094850438981879488116655028862255445233856692681025086024035815680032300231969000637553172778392005422360454638349185263637937725031192374034728639507134911304485988877380716291415364659081802196190890819700738831666411903158115228679940091365025113985730073784095461186359559007327371542095966
101971495233427901619437871234821474429277811744452007472167996663022061392168897159532005570515069228242548657343727485295092092982243267227381762510524892376535966400146392836132053684674639003831911853545397912876769780514165738324679575182415393456357347321688109009068314032630309836292707665682
351506439269754737147528902680635284380857092212194998327028820583437058673108985414030223746763254275103310319704707014075713673053100962652937863976683941061032056644618520792930400809884433606698751254675572358938823873175589881255568172819426864539773134143513734323683453865032510167508645699133
128384832139623657433560837874369270232288585474524349552260661711715785069907314712867605602573098893003450933619882571535684637224280830110648397444057319681355005734218012743007136909754667425781342631413823505296792614390828219750951548635135100533503183619550654941940820025087729297867981451939
351506439269754737147528902680635284380857092212194998327028820583437058673108985414030223746763254275103310319704707014075713673053100962652937863976683941061032056644618520792930400809884433606698751254675572358938823873175589881255568172819426864539773134143513734323683453865032510167508645699133
128384832139623657433560837874369270232288585474524349552260661711715785069907314712867605602573098893003450933619882571535684637224280830110648397444057319681355005734218012743007136909754667425781342631413823505296792614390828219750951548635135100533503183619550654941940820025087729297867981451939
351506439269754737147528902680635284380857092212194998327028820583437058673108985414030223746763254275103310319704707014075713673053100962652937863976683941061032056644618520792930400809884433606698751254675572358938823873175589881255568172819426864539773134143513734323683453865032510167508645699133
128384832139623657433560837874369270232288585474524349552260661711715785069907314712867605602573098893003450933619882571535684637224280830110648397444057319681355005734218012743007136909754667425781342631413823505296792614390828219750951548635135100533503183619550654941940820025087729297867981451939
351506439269754737147528902680635284380857092212194998327028820583437058673108985414030223746763254275103310319704707014075713673053100962652937863976683941061032056644618520792930400809884433606698751254675572358938823873175589881255568172819426864539773134143513734323683453865032510167508645699133
128384832139623657433560837874369270232288585474524349552260661711715785069907314712867605602573098893003450933619882571535684637224280830110648397444057319681355005734218012743007136909754667425781342631413823505296792614390828219750951548635135100533503183619550654941940820025087729297867981451939
351506439269754737147528902680635284380857092212194998327028820583437058673108985414030223746763254275103310319704707014075713673053100962652937863976683941061032056644618520792930400809884433606698751254675572358938823873175589881255568172819426864539773134143513734323683453865032510167508645699133
128384832139623657433560837874369270232288585474524349552260661711715785069907314712867605602573098893003450933619882571535684637224280830110648397444057319681355005734218012743007136909754667425781342631413823505296792614390828219750951548635135100533503183619550654941940820025087729297867981451939
351506439269754737147528902680635284380857092212194998327028820583437058673108985414030223746763254275103310319704707014075713673053100962652937863976683941061032056644618520792930400809884433606698751254675572358938823873175589881255568172819426864539773134143513734323683453865032510167508645699133
128384832139623657433560837874369270232288585474524349552260661711715785069907314712867605602573098893003450933619882571535684637224280830110648397444057319681355005734218012743007136909754667425781342631413823505296792614390828219750951548635135100533503183619550654941940820025087729297867981451939
351506439269754737147528902680635284380857092212194998327028820583437058673108985414030223746763254275103310319704707014075713673053100962652937863976683941061032056644618520792930400809884433606698751254675572358938823873175589881255568172819426864539773134143513734323683453865032510167508645699133
128384832139623657433560837874369270232288585474524349552260661711715785069907314712867605602573098893003450933619882571535684637224280830110648397444057319681355005734218012743007136909754667425781342631413823505296792614390828219750951548635135100533503183619550654941940820025087729297867981451939
351506439269754737147528902680635284380857092212194998327028820583437058673108985414030223746763254275103310319704707014075713673053100962652937863976683941061032056644618520792930400809884433606698751254675572358938823873175589881255568172819426864539773134143513734323683453865032510167508645699133
128384832139623657433560837874369270232288585474524349552260661711715785069907314712867605602573098893003450933619882571535684637224280830110648397444057319681355005734218012743007136909754667425781342631413823505296792614390828219750951548635135100533503183619550654941940820025087729297867981451939
351506439269754737147528902680635284380857092212194998327028820583437058673108985414030223746763254275103310319704707014075713673053100962652937863976683941061032056644618520792930400809884433606698751254675572358938823873175589881255568172819426864539773134143513734323683453865032510167508645699133
128384832139623657433560837874369270232288585474524349552260661711715785069907314712867605602573098893003450933619882571535684637224280830110648397444057319681355005734218012743007136909754667425781342631413823505296792614390828219750951548635135100533503183619550654941940820025087729297867981451939
351506439269754737147528902680635284380857092212194998327028820583437058673108985414030223746763254275103310319704707014075713673053100962652937863976683941061032056644618520792930400809884433606698751254675572358938823873175589881255568172819426864539773134143513734323683453865032510167508645699133
128384832139623657433560837874369270232288585474524349552260661711715785069907314712867605602573098893003450933619882571535684637224280830110648397444057319681355005734218012743007136909754667425781342631413823505296792614390828219750951548635135100533503183619550654941940820025087729297867981451939
351506439269754737147528902680635284380857092212194998327028820583437058673108985414030223746763254275103310319704707014075713673053100962652937863976683941061032056644618520792930400809884433606698751254675572358938823873175589881255568172819426864539773134143513734323683453865032510167508645699133
128384832139623657433560837874369270232288585474524349552260661711715785069907314712867605602573098893003450933619882571535684637224280830110648397444057319681355005734218012743007136909754667425781342631413823505296792614390828219750951548635135100533503183619550654941940820025087729297867981451939
351506439269754737147528902680635284380857092212194998327028820583437058673108985414030223746763254275103310319704707014075713673053100962652937863976683941061032056644618520792930400809884433606698751254675572358938823873175589881255568172819426864539773134143513734323683453865032510167508645699133
128384832139623657433560837874369270232288585474524349552260661711715785069907314712867605602573098893003450933619882571535684637224280830110648397444057319681355005734218012743007136909754667425781342631413823505296792614390828219750951548635135100533503183619550654941940820025087729297867981451939
351506439269754737147528902680635284380857092212194998327028820583437058673108985414030223746763254275103310319704707014075713673053100962652937863976683941061032056644618520792930400809884433606698751254675572358938823873175589881255568172819426864539773134143513734323683453865032510167508645699133
128384832139623657433560837874369270232288585474524349552260661711715785069907314712867605602573098893003450933619882571535684637224280830110648397444057319681355005734218012743007136909754667425781342631413823505296792614390828219750951548635135100533503183619550654941940820025087729297867981451939
351506439269754737147528902680635284380857092212194998327028820583437058673108985414030223746763254275103310319704707014075713673053100962652937863976683941061032056644618520792930400809884433606698751254675572358938823873175589881255568172819426864539773134143513734323683453865032510167508645699133
128384832139623657433560837874369270232288585474524349552260661711715785069907314712867605602573098893003450933619882571535684637224280830110648397444057319681355005734218012743007136909754667425781342631413823505296792614390828219750951548635135100533503183619550654941940820025087729297867981451939
351506439269754737147528902680635284380857092212194998327028820583437058673108985414030223746763254275103310319704707014075713673053100962652937863976683941061032056644618520792930400809884433606698751254675572358938823873175589881255568172819426864539773134143513734323683453865032510167508645699133
128384832139623657433560837874369270232288585474524349552260661711715785069907314712867605602573098893003450933619882571535684637224280830110648397444057319681355005734218012743007136909754667425781342631413823505296792614390828219750951548635135100533503183619550654941940820025087729297867981451939
351506439269754737147528902680635284380857092212194998327028820583437058673108985414030223746763254275103310319704707014075713673053100962652937863976683941061032056644618520792930400809884433606698751254675572358938823873175589881255568172819426864539773134143513734323683453865032510167508645699133
128384832139623657433560837874369270232288585474524349552260661711715785069907314712867605602573098893003450933619882571535684637224280830110648397444057319681355005734218012743007136909754667425781342631413823505296792614390828219750951548635135100533503183619550654941940820025087729297867981451939
351506439269754737147528902680635284380857092212194998327028820583437058673108985414030223746763254275103310319704707014075713673053100962652937863976683941061032056644618520792930400809884433606698751254675572358938823873175589881255568172819426864539773134143513734323683453865032510167508645699133
128384832139623657433560837874369270232288585474524349552260661711715785069907314712867605602573098893003450933619882571535684637224280830110648397444057319681355005734218012743007136909754667425781342631413823505296792614390828219750951548635135100533503183619550654941940820025087729297867981451939
351506439269754737147528902680635284380857092212194998327028820583437058673108985414030223746763254275103310319704707014075713673053100962652937863976683941061032056644618520792930400809884433606698751254675572358938823873175589881255568172819426864539773134143513734323683453865032510167508645699133
128384832139623657433560837874369270232288585474524349552260661711715785069907314712867605602573098893003450933619882571535684637224280830110648397444057319681355005734218012743007136909754667425781342631413823505296792614390828219750951548635135100533503183619550654941940820025087729297867981451939
351506439269754737147528902680635284380857092212194998327028820583437058673108985414030223746763254275103310319704707014075713673053100962652937863976683941061032056644618520792930400809884433606698751254675572358938823873175589881255568172819426864539773134143513734323683453865032510167508645699133
128384832139623657433560837874369270232288585474524349552260661711715785069907314712867605602573098893003450933619882571535684637224280830110648397444057319681355005734218012743007136909754667425781342631413823505296792614390828219750951548635135100533503183619550654941940820025087729297867981451939
351506439269754737147528902680635284380857092212194998327028820583437058673108985414030223746763254275103310319704707014075713673053100962652937863976683941061032056644618520792930400809884433606698751254675572358938823873175589881255568172819426864539773134143513734323683453865032510167508645699133
128384832139623657433560837874369270232288585474524349552260661711715785069907314712867605602573098893003450933619882571535684637224280830110648397444057319681355005734218012743007136909754667425781342631413823505296792614390828219750951548635135100533503183619550654941940820025087729297867981451939
351506439269754737147528902680635284380857092212194998327028820583437058673108985414030223746763254275103310319704707014075713673053100962652937863976683941061032056644618520792930400809884433606698751254675572358938823873175589881255568172819426864539773134143513734323683453865032510167508645699133
128384832139623657433560837874369270232288585474524349552260661711715785069907314712867605602573098893003450933619882571535684637224280830110648397444057319681355005734218012743007136909754667425781342631413823505296792614390828219750951548635135100533503183619550654941940820025087729297867981451939
351506439269754737147528902680635284380857092212194998327028820583437058673108985414030223746763254275103310319704707014075713673053100962652937863976683941061032056644618520792930400809884433606698751254675572358938823873175589881255568172819426864539773134143513734323683453865032510167508645699133
128384832139623657433560837874369270232288585474524349552260661711715785069907314712867605602573098893003450933619882571535684637224280830110648397444057319681355005734218012743007136909754667425781342631413823505296792614390828219750951548635135100533503183619550654941940820025087729297867981451939
351506439269754737147528902680635284380857092212194998327028820583437058673108985414030223746763254275103310319704707014075713673053100962652937863976683941061032056644618520792930400809884433606698751254675572358938823873175589881255568172819426864539773134143513734323683453865032510167508645699133
128384832139623657433560837874369270232288585474524349552260661711715785069907314712867605602573098893003450933619882571535684637224280830110648397444057319681355005734218012743007136909754667425781342631413823505296792614390828219750951548635135100533503183619550654941940820025087729297867981451939
351506439269754737147528902680635284380857092212194998327028820583437058673108985414030223746763254275103310319704707014075713673053100962652937863976683941061032056644618520792930400809884433606698751254675572358938823873175589881255568172819426864539773134143513734323683453865032510167508645699133
128384832139623657433560837874369270232288585474524349552260661711715785069907314712867605602573098893003450933619882571535684637224280830110648397444057319681355005734218012743007136909754667425781342631413823505296792614390828219750951548635135100533503183619550654941940820025087729297867981451939
351506439269754737147528902680635284380857092212194998327028820583437058673108985414030223746763254275103310319704707014075713673053100962652937863976683941061032056644618520792930400809884433606698751254675572358938823873175589881255568172819426864539773134143513734323683453865032510167508645699133
128384832139623657433560837874369270232288585474524349552260661711715785069907314712867605602573098893003450933619882571535684637224280830110648397444057319681355005734218012743007136909754667425781342631413823505296792614390828219750951548635135100533503183619550654941940820025087729297867981451939
351506439269754737147528902680635284380857092212194998327028820583437058673108985414030223746763254275103310319704707014075713673053100962652937863976683941061032056644618520792930400809884433606698751254675572358938823873175589881255568172819426864539773134143513734323683453865032510167508645699133
128384832139623657433560837874369270232288585474524349552260661711715785069907314712867605602573098893003450933619882571535684637224280830110648397444057319681355005734218012743007136909754667425781342631413823505296792614390828219750951548635135100533503183619550654941940820025087729297867981451939
351506439269754737147528902680635284380857092212194998327028820583437058673108985414030223746763254275103310319704707014075713673053100962652937863976683941061032056644618520792930400809884433606698751254675572358938823873175589881255568172819426864539773134143513734323683453865032510167508645699133
128384832139623657433560837874369270232288585474524349552260661711715785069907314712867605602573098893003450933619882571535684637224280830110648397444057319681355005734218012743007136909754667425781342631413823505296792614390828219750951548635135100533503183619550654941940820025087729297867981451939
351506439269754737147528902680635284380857092212194998327028820583437058673108985414030223746763254275103310319704707014075713673053100962652937863976683941061032056644618520792930400809884433606698751254675572358938823873175589881255568172819426864539773134143513734323683453865032510167508645699133
128384832139623657433560837874369270232288585474524349552260661711715785069907314712867605602573098893003450933619882571535684637224280830110648397444057319681355005734218012743007136909754667425781342631413823505296792614390828219750951548635135100533503183619550654941940820025087729297867981451939
351506439269754737147528902680635284380857092212194998327028820583437058673108985414030223746763254275103310319704707014075713673053100962652937863976683941061032056644618520792930400809884433606698751254675572358938823873175589881255568172819426864539773134143513734323683453865032510167508645699133
128384832139623657433560837874369270232288585474524349552260661711715785069907314712867605602573098893003450933619882571535684637224280830110648397444057319681355005734218012743007136909754667425781342631413823505296792614390828219750951548635135100533503183619550654941940820025087729297867981451939
351506439269754737147528902680635284380857092212194998327028820583437058673108985414030223746763254275103310319704707014075713673053100962652937863976683941061032056644618520792930400809884433606698751254675572358938823873175589881255568172819426864539773134143513734323683453865032510167508645699133
128384832139623657433560837874369270232288585474524349552260661711715785069907314712867605602573098893003450933619882571535684637224280830110648397444057319681355005734218012743007136909754667425781342631413823505296792614390828219750951548635135100533503183619550654941940820025087729297867981451939
351506439269754737147528902680635284380857092212194998327028820583437058673108985414030223746763254275103310319704707014075713673053100962652937863976683941061032056644618520792930400809884433606698751254675572358938823873175589881255568172819426864539773134143513734323683453865032510167508645699133
128384832139623657433560837874369270232288585474524349552260661711715785069907314712867605602573098893003450933619882571535684637224280830110648397444057319681355005734218012743007136909754667425781342631413823505296792614390828219750951548635135100533503183619550654941940820025087729297867981451939
351506439269754737147528902680635284380857092212194998327028820583437058673108985414030223746763254275103310319704707014075713673053100962652937863976683941061032056644618520792930400809884433606698751254675572358938823873175589881255568172819426864539773134143513734323683453865032510167508645699133
128384832139623657433560837874369270232288585474524349552260661711715785069907314712867605602573098893003450933619882571535684637224280830110648397444057319681355005734218012743007136909754667425781342631413823505296792614390828219750951548635135100533503183619550654941940820025087729297867981451939
351506439269754737147528902680635284380857092212194998327028820583437058673108985414030223746763254275103310319704707014075713673053100962652937863976683941061032056644618520792930400809884433606698751254675572358938823873175589881255568172819426864539773134143513734323683453865032510167508645699133
128384832139623657433560837874369270232288585474524349552260661711715785069907314712867605602573098893003450933619882571535684637224280830110648397444057319681355005734218012743007136909754667425781342631413823505296792614390828219750951548635135100533503183619550654941940820025087729297867981451939
351506439269754737147528902680635284380857092212194998327028820583437058673108985414030223746763254275103310319704707014075713673053100962652937863976683941061032056644618520792930400809884433606698751254675572358938823873175589881255568172819426864539773134143513734323683453865032510167508645699133
128384832139623657433560837874369270232288585474524349552260661711715785069907314712867605602573098893003450933619882571535684637224280830110648397444057319681355005734218012743007136909754667425781342631413823505296792614390828219750951548635135100533503183619550654941940820025087729297867981451939
351506439269754737147528902680635284380857092212194998327028820583437058673108985414030223746763254275103310319704707014075713673053100962652937863976683941061032056644618520792930400809884433606698751254675572358938823873175589881255568172819426864539773134143513734323683453865032510167508645699133
128384832139623657433560837874369270232288585474524349552260661711715785069907314712867605602573098893003450933619882571535684637224280830110648397444057319681355005734218012743007136909754667425781342631413823505296792614390828219750951548635135100533503183619550654941940820025087729297867981451939
351506439269754737147528902680635284380857092212194998327028820583437058673108985414030223746763254275103310319704707014075713673053100962652937863976683941061032056644618520792930400809884433606698751254675572358938823873175589881255568172819426864539773134143513734323683453865032510167508645699133
128384832139623657433560837874369270232288585474524349552260661711715785069907314712867605602573098893003450933619882571535684637224280830110648397444057319681355005734218012743007136909754667425781342631413823505296792614390828219750951548635135100533503183619550654941940820025087729297867981451939
351506439269754737147528902680635284380857092212194998327028820583437058673108985414030223746763254275103310319704707014075713673053100962652937863976683941061032056644618520792930400809884433606698751254675572358938823873175589881255568172819426864539773134143513734323683453865032510167508645699133
128384832139623657433560837874369270232288585474524349552260661711715785069907314712867605602573098893003450933619882571535684637224280830110648397444057319681355005734218012743007136909754667425781342631413823505296792614390828219750951548635135100533503183619550654941940820025087729297867981451939
351506439269754737147528902680635284380857092212194998327028820583437058673108985414030223746763254275103310319704707014075713673053100962652937863976683941061032056644618520792930400809884433606698751254675572358938823873175589881255568172819426864539773134143513734323683453865032510167508645699133
128384832139623657433560837874369270232288585474524349552260661711715785069907314712867605602573098893003450933619882571535684637224280830110648397444057319681355005734218012743007136909754667425781342631413823505296792614390828219750951548635135100533503183619550654941940820025087729297867981451939
351506439269754737147528902680635284380857092212194998327028820583437058673108985414030223746763254275103310319704707014075713673053100962652937863976683941061032056644618520792930400809884433606698751254675572358938823873175589881255568172819426864539773134143513734323683453865032510167508645699133
128384832139623657433560837874369270232288585474524349552260661711715785069907314712867605602573098893003450933619882571535684637224280830110648397444057319681355005734218012743007136909754667425781342631413823505296792614390828219750951548635135100533503183619550654941940820025087729297867981451939
351506439269754737147528902680635284380857092212194998327028820583437058673108985414030223746763254275103310319704707014075713673053100962652937863976683941061032056644618520792930400809884433606698751254675572358938823873175589881255568172819426864539773134143513734323683453865032510167508645699133
128384832139623657433560837874369270232288585474524349552260661711715785069907314712867605602573098893003450933619882571535684637224280830110648397444057319681355005734218012743007136909754667425781342631413823505296792614390828219750951548635135100533503183619550654941940820025087729297867981451939
351506439269754737147528902680635284380857092212194998327028820583437058673108985414030223746763254275103310319704707014075713673053100962652937863976683941061032056644618520792930400809884433606698751254675572358938823873175589881255568172819426864539773134143513734323683453865032510167508645699133
128384832139623657433560837874369270232288585474524349552260661711715785069907314712867605602573098893003450933619882571535684637224280830110648397444057319681355005734218012743007136909754667425781342631413823505296792614390828219750951548635135100533503183619550654941940820025087729297867981451939
351506439269754737147528902680635284380857092212194998327028820583437058673108985414030223746763254275103310319704707014075713673053100962652937863976683941061032056644618520792930400809884433606698751254675572358938823873175589881255568172819426864539773134143513734323683453865032510167508645699133
128384832139623657433560837874369270232288585474524349552260661711715785069907314712867605602573098893003450933619882571535684637224280830110648397444057319681355005734218012743007136909754667425781342631413823505296792614390828219750951548635135100533503183619550654941940820025087729297867981451939
351506439269754737147528902680635284380857092212194998327028820583437058673108985414030223746763254275103310319704707014075713673053100962652937863976683941061032056644618520792930400809884433606698751254675572358938823873175589881255568172819426864539773134143513734323683453865032510167508645699133
128384832139623657433560837874369270232288585474524349552260661711715785069907314712867605602573098893003450933619882571535684637224280830110648397444057319681355005734218012743007136909754667425781342631413823505296792614390828219750951548635135100533503183619550654941940820025087729297867981451939
351506439269754737147528902680635284380857092212194998327028820583437058673108985414030223746763254275103310319704707014075713673053100962652937863976683941061032056644618520792930400809884433606698751254675572358938823873175589881255568172819426864539773134143513734323683453865032510167508645699133
128384832139623657433560837874369270232288585474524349552260661711715785069907314712867605602573098893003450933619882571535684637224280830110648397444057319681355005734218012743007136909754667425781342631413823505296792614390828219750951548635135100533503183619550654941940820025087729297867981451939
351506439269754737147528902680635284380857092212194998327028820583437058673108985414030223746763254275103310319704707014075713673053100962652937863976683941061032056644618520792930400809884433606698751254675572358938823873175589881255568172819426864539773134143513734323683453865032510167508645699133
128384832139623657433560837874369270232288585474524349552260661711715785069907314712867605602573098893003450933619882571535684637224280830110648397444057319681355005734218012743007136909754667425781342631413823505296792614390828219750951548635135100533503183619550654941940820025087729297867981451939
351506439269754737147528902680635284380857092212194998327028820583437058673108985414030223746763254275103310319704707014075713673053100962652937863976683941061032056644618520792930400809884433606698751254675572358938823873175589881255568172819426864539773134143513734323683453865032510167508645699133
128384832139623657433560837874369270232288585474524349552260661711715785069907314712867605602573098893003450933619882571535684637224280830110648397444057319681355005734218012743007136909754667425781342631413823505296792614390828219750951548635135100533503183619550654941940820025087729297867981451939
